0.333333333333
0.333333333333
0.34375
0.3375
0.333333333333
0.333333333333
0.333333333333
0.360416666667
0.347916666667
0.333333333333
0.333333333333
0.335416666667
0.333333333333
0.333333333333
0.333333333333
0.333333333333
0.333333333333
0.333333333333
0.333333333333
0.333333333333
0.333333333333
0.333333333333
0.333333333333
0.333333333333
0.333333333333
0.333333333333
0.333333333333
0.333333333333
0.333333333333
0.333333333333
0.333333333333
0.333333333333
0.333333333333
0.333333333333
0.333333333333
0.333333333333
0.333333333333
0.333333333333
0.333333333333
0.333333333333
0.333333333333
0.333333333333
0.333333333333
0.333333333333
0.333333333333
0.333333333333
0.333333333333
0.333333333333
0.333333333333
0.333333333333
0.333333333333
0.333333333333
0.333333333333
0.335416666667
0.333333333333
0.339583333333
0.333333333333
0.333333333333
0.333333333333
0.333333333333
0.333333333333
0.333333333333
0.333333333333
0.333333333333
0.333333333333
0.347916666667
0.341666666667
0.339583333333
0.333333333333
0.333333333333
0.333333333333
0.3375
0.333333333333
0.335416666667
0.333333333333
0.333333333333
0.333333333333
0.333333333333
0.333333333333
0.333333333333
0.333333333333
0.34375
0.333333333333
0.333333333333
0.333333333333
0.335416666667
0.335416666667
0.410416666667
0.333333333333
0.333333333333
0.333333333333
0.333333333333
0.333333333333
0.345833333333
0.333333333333
0.345833333333
0.341666666667
0.34375
0.333333333333
0.3375
0.35
0.333333333333
0.435416666667
0.614583333333
0.452083333333
0.61875
0.379166666667
0.3875
0.339583333333
0.358333333333
0.339583333333
0.339583333333
0.404166666667
0.485416666667
0.347916666667
0.339583333333
0.427083333333
0.383333333333
0.485416666667
0.366666666667
0.408333333333
0.625
0.577083333333
0.54375
0.470833333333
0.435416666667
0.522916666667
0.34375
0.345833333333
0.616666666667
0.616666666667
0.354166666667
0.3875
0.591666666667
0.514583333333
0.502083333333
0.577083333333
0.364583333333
0.414583333333
0.464583333333
0.40625
0.4875
0.404166666667
0.48125
0.410416666667
0.470833333333
0.608333333333
0.61875
0.610416666667
0.61875
0.602083333333
0.570833333333
0.591666666667
0.489583333333
0.604166666667
0.5
0.5875
0.614583333333
0.5625
0.59375
0.472916666667
0.622916666667
0.41875
0.6375
0.341666666667
0.345833333333
0.420833333333
0.591666666667
0.341666666667
0.55625
0.389583333333
0.608333333333
0.345833333333
0.433333333333
0.339583333333
0.472916666667
0.558333333333
0.620833333333
0.333333333333
0.497916666667
0.620833333333
0.416666666667
0.585416666667
0.652083333333
0.570833333333
0.433333333333
0.583333333333
0.64375
0.516666666667
0.48125
0.454166666667
0.6
0.622916666667
0.64375
0.633333333333
0.6625
0.641666666667
0.658333333333
0.654166666667
0.65
