0.55078125
0.66796875
0.70703125
0.69140625
0.712890625
0.716796875
0.712890625
0.705078125
0.71484375
0.716796875
0.70703125
0.748046875
0.75
0.75
0.755859375
0.759765625
0.7578125
0.76171875
0.755859375
0.77734375
0.7890625
0.80078125
0.794921875
0.798828125
0.794921875
0.806640625
0.796875
0.78515625
0.787109375
0.802734375
0.80078125
0.80078125
0.771484375
0.80078125
0.806640625
0.810546875
0.8203125
0.8203125
0.841796875
0.8359375
0.841796875
0.859375
0.81640625
0.849609375
0.84375
0.87109375
0.876953125
0.865234375
0.87109375
0.826171875
